$setup0
noplots='enabled',
ioutput=6,
lrz=10,
mnemonic='210611_',
special_calls='enabled'
&end

&setup
fus_diag='enabled',
nv_fus=1,
x_fus=0,
z_fus=0,
thet1_fus=90,90,90,90,90,90,90,90,90,90,90,90,90,90,90,90,90,90,90,90,90,90,90,90,90,90,90,90,90,90,90,90,90,90,90,90,90,90,90,90,90,90,90,90,90,90,90,90,90,90,90,90,90,90,90,90,90,90,90,90,90,90,90,90,90,90,90,90,90,90,
thet2_fus=180,180,180,180,180,180,180,180,180,180,180,180,180,180,180,180,180,180,180,180,180,180,180,180,180,180,180,180,180,180,180,180,180,180,180,180,180,180,180,180,180,180,180,180,180,180,180,180,180,180,180,180,180,180,180,180,180,180,180,180,180,180,180,180,180,180,180,180,180,180,
fds_fus=0.5,
acoefne=0,
acoefte=0,
bnumb(1)=-1.0,
bnumb(2)=1.0,
bnumb(3)=1.0,
bnumb(4)=2.0,
bnumb(5)=2.0,
bnumb(6)=6.0,
bootst='disabled',
chang='noneg',
colmodl=3,
contrmin=1.0e-12,
dtr=0.001,
enmax=0.0,
enmin=0.0,
enorm=0.0,
eoved=0.0,
ephicc=0.0,
fds=0.2,
fmass(1)=9.109e-28,
fmass(2)=3.344e-24,
fmass(3)=3.344e-24,
fmass(4)=6.647e-24,
fmass(5)=6.647e-24,
fmass(6)=1.994e-23,
torloss='energy','energy',
&end

