1.0
2.0
5.0
10.0
20.0
50.0
100.0
200.0
500.0
1000.0

DD
1.5 * 10e-22
5.4 * 10e-21
1.8 * 10e-19 
1.2 * 10e-18 
5.2 * 10e-18 
2.1 * 10e-17
4.5 * 10e-17 
8.8 * 10e-17 
1.8 * 10e-16
2.2 * 10e-16

DT
5.5 * 10e-21 
2.6 * 10e-19 
1.3 * 10e-17 
1.1 * 10e-16 
4.2 * 10e-16 
8.7 * 10e-16 
8.5 * 10e-16 
6.3 * 10e-16 
3.7 * 10e-16 
2.7 * 10e-16

DHe3
1e-26,
1.4e-23,
6.7e-21,
2.3e-19,
3.8e-18,
5.4e-17,
1.6e-16,
2.4e-16,
2.3e-16,
1.8e-16

TT
3.3e-22,
7.1e-21,
1.4e-19,
7.2e-19,
2.5e-18,
8.7e-18,
1.9e-17,
4.2e-17,
8.4e-17,
8.0e-17

THe3
1e-28,
1e-25,
2.1e-22,
1.2e-20,
2.6e-19,
5.3e-18,
2.7e-17,
9.2e-17,
2.9e-16,
5.2e-16